# Created by Octave 6.4.0, Fri Mar 08 09:50:37 2024 CST <ingtaller@ingtaller>
# name: ans
# type: scalar
0


# name: datos
# type: matrix
# rows: 27
# columns: 9
 0 0 0 0 0 0 0 0 0
 1 0 226500 146 160 3 0 5 2
 2 0 765000 687 440 5 6 0 0
 3 0 735000 324 703 3 0 5 0
 4 0 795000 382 406 5 0 5 4
 5 0 380000 473 497 4 0 5 0
 6 0 820000 960 549 3 0 5 4
 7 0 500000 937 350 4 0 5 5
 8 0 820000 960 549 3 0 5 4
 9 0 825000 690 361 4 0 5 6
 10 0 690000 590 597 4 0 5 3
 0 0 0 0 0 0 0 0 0
 0 0 0 0 0 0 0 0 0
 0 0 0 0 0 0 0 0 0
 0 0 0 0 0 0 0 0 0
 0 0 0 0 0 0 0 0 0
 0 0 0 0 0 0 0 0 0
 0 0 0 0 0 0 0 0 0
 0 0 0 0 0 0 0 0 0
 0 0 0 0 0 0 0 0 0
 0 0 0 0 0 0 0 0 0
 0 0 0 0 0 0 0 0 0
 0 0 0 0 0 0 0 0 0
 0 0 0 0 0 0 0 0 0
 0 0 0 0 0 0 0 0 0
 1 0 0 0 0 0 0 0 0
 2 0 0 0 0 0 0 0 0


# name: md
# type: matrix
# rows: 27
# columns: 9
 0 0 0 0 0 0 0 0 0
 1 0 226500 146 160 3 0 5 2
 2 0 765000 687 440 5 6 0 0
 3 0 735000 324 703 3 0 5 0
 4 0 795000 382 406 5 0 5 4
 5 0 380000 473 497 4 0 5 0
 6 0 820000 960 549 3 0 5 4
 7 0 500000 937 350 4 0 5 5
 8 0 820000 960 549 3 0 5 4
 9 0 825000 690 361 4 0 5 6
 10 0 690000 590 597 4 0 5 3
 0 0 0 0 0 0 0 0 0
 0 0 0 0 0 0 0 0 0
 0 0 0 0 0 0 0 0 0
 0 0 0 0 0 0 0 0 0
 0 0 0 0 0 0 0 0 0
 0 0 0 0 0 0 0 0 0
 0 0 0 0 0 0 0 0 0
 0 0 0 0 0 0 0 0 0
 0 0 0 0 0 0 0 0 0
 0 0 0 0 0 0 0 0 0
 0 0 0 0 0 0 0 0 0
 0 0 0 0 0 0 0 0 0
 0 0 0 0 0 0 0 0 0
 0 0 0 0 0 0 0 0 0
 1 0 0 0 0 0 0 0 0
 2 0 0 0 0 0 0 0 0


# name: ubi_file
# type: sq_string
# elements: 1
# length: 7
BPC.csv


# name: x
# type: matrix
# rows: 10
# columns: 1
 226500
 765000
 735000
 795000
 380000
 820000
 500000
 820000
 825000
 690000


# name: y
# type: matrix
# rows: 0
# columns: 0


